# matrix

view

```sh
view Isometry { rotation: Unit { value: Quaternion { coords: Matrix { data: [-0.3873256429852125, 0.5865701903655783, 0.5743368113514608, -0.41958489628109524] } } }, translation: Translation { vector: Matrix { data: [0.536798, 3.3126, 1.31053] } } }

```
code

```sh
matrix_world: 
  ┌                     ┐
  │ -0.3478547221977485 0.02757875056402298 -0.9371427344658094 0.536798 │
  │ -0.9363534551212476 0.040232146825456505 0.34874572605885334 3.3126 │
  │ 0.0473212354786845 0.998809685014689 0.011828516121161758 1.31053 │
  │ 0 0 0 1 │
  └                     ┘


matrix_view:  
  ┌                     ┐
  │ -0.34785472219774843 -0.9363534551212473 0.047321235478684436 3.22647627586907 │
  │ 0.02757875056402298 0.040232146825456554 0.9988096850146888 -1.457047284221574 │
  │ -0.9371427344658093 0.3487457260588533 0.011828516121161769 -0.6677003717990461 │
  │ 0 0 0 0.9999999999999998 │
  └                     ┘

```

blender

```sh
>>> bpy.context.screen.areas[5].spaces.active.region_3d.view_matrix
Matrix(((-0.34785476326942444, -0.9363534450531006, 0.04732123762369156, 3.22647762298584),
        (0.027578778564929962, 0.040232136845588684, 0.9988096952438354, -1.4570173025131226),
        (-0.9371426105499268, 0.34874576330184937, 0.011828544549643993, -0.6677002310752869),
        (-0.0, -0.0, -0.0, 1.0)))

>>> bpy.data.objects["Camera"].matrix_world
Matrix(((-0.34785476326942444, 0.02757878042757511, -0.9371427297592163, 0.5367980003356934),
        (-0.9363534450531006, 0.040232136845588684, 0.34874576330184937, 3.3125998973846436),
        (0.04732123389840126, 0.9988096952438354, 0.011828545480966568, 1.3105000257492065),
        (0.0, 0.0, 0.0, 1.0)))
```
