# matrix

view

```sh
view Isometry { rotation: Unit { value: Quaternion { coords: Matrix { data: [-0.3873256429852125, 0.5865701903655783, 0.5743368113514608, -0.41958489628109524] } } }, translation: Translation { vector: Matrix { data: [0.536798, 3.3126, 1.31053] } } }

```
code

```sh
matrix_world: 
  ┌                     ┐
  │ -0.3478547221977485 0.02757875056402298 -0.9371427344658094 0.536798 │
  │ -0.9363534551212476 0.040232146825456505 0.34874572605885334 3.3126 │
  │ 0.0473212354786845 0.998809685014689 0.011828516121161758 1.31053 │
  │ 0 0 0 1 │
  └                     ┘


matrix_view:  
  ┌                     ┐
  │ -0.34785472219774843 -0.9363534551212473 0.047321235478684436 3.22647627586907 │
  │ 0.02757875056402298 0.040232146825456554 0.9988096850146888 -1.457047284221574 │
  │ -0.9371427344658093 0.3487457260588533 0.011828516121161769 -0.6677003717990461 │
  │ 0 0 0 0.9999999999999998 │
  └                     ┘

```

blender

```sh
>>> bpy.context.screen.areas[5].spaces.active.region_3d.view_matrix
Matrix(((-0.34785476326942444, -0.9363534450531006, 0.04732123762369156, 3.22647762298584),
        (0.027578778564929962, 0.040232136845588684, 0.9988096952438354, -1.4570173025131226),
        (-0.9371426105499268, 0.34874576330184937, 0.011828544549643993, -0.6677002310752869),
        (-0.0, -0.0, -0.0, 1.0)))

>>> bpy.data.objects["Camera"].matrix_world
Matrix(((-0.34785476326942444, 0.02757878042757511, -0.9371427297592163, 0.5367980003356934),
        (-0.9363534450531006, 0.040232136845588684, 0.34874576330184937, 3.3125998973846436),
        (0.04732123389840126, 0.9988096952438354, 0.011828545480966568, 1.3105000257492065),
        (0.0, 0.0, 0.0, 1.0)))
```

## current to check

check matrix_world
  ┌                     ┐
  │ -0.3502338097665911 0.02643171797632585 0.9362892943856613 0.4207496766766066 │
  │ 0.9353724395115832 -0.0425716606549217 0.35109265602007805 -3.3749550720870998 │
  │ 0.04913937218290441 0.9987437198770777 -0.00981346562473431 1.300532563340496 │
  │ 0 0 0 1 │
  └                     ┘

## exact coordinates

```sh
check matrix_world 
  ┌                     ┐
  │ 0.347854722198075 -0.027578750563681077 0.9371427344656986 0.5367980000006115 │
  │ -0.9363534551211099 0.04023214682593297 0.34874572605916887 -3.312600000000491 │
  │ -0.04732123547901619 -0.9988096850146796 -0.011828516120659095 1.31052999999858 │
  │ 0 0 0 1 │
  └                     ┘


check matrix_view 
  ┌                     ┐
  │ 0.34785472219807456 -0.9363534551211092 -0.047321235479015934 -3.2264762758690932 │
  │ -0.027578750563681267 0.04023214682593311 -0.998809685014679 1.4570472842215745 │
  │ 0.9371427344656982 0.3487457260591688 -0.011828516120658945 0.6677003717990733 │
  │ 0 0 0 1 │
  └                     ┘


Candidate 2 avg reprojection error (px): 0.000000
Translation {

  ┌      ┐
  │ -3.226 │
  │ 1.457 │
  │ 0.668 │
  └      ┘

}
, rotion 91.94257391362599, -69.57712253559495, -4.533063859689075
```

## selected coordinates


```sh
check matrix_world 
  ┌                     ┐
  │ -0.3485996487562562 0.02788713654146734 0.9368567619986167 0.45394577760509064 │
  │ 0.9359523109658693 -0.042661032838323655 0.3495329853888106 -3.4455457435363774 │
  │ 0.049714751177712915 0.9987003273718718 -0.01122940882918842 1.426427381613216 │
  │ 0 0 0 1 │
  └                     ┘


check matrix_view 
  ┌                     ┐
  │ -0.34859964875625626 0.935952310965871 0.04971475117771308 3.312197357479035 │
  │ 0.02788713654146736 -0.042661032838323606 0.998700327371873 -1.5842232809827699 │
  │ 0.9368567619986163 0.349532985388811 -0.011229408829188377 0.7950676549352149 │
  │ 0 0 0 1 │
  └                     ┘


Candidate 2 avg reprojection error (px): 1436.318491
Translation {

  ┌      ┐
  │ 3.312 │
  │ -1.584 │
  │ 0.795 │
  └      ┘

}
, rotion 91.84010247373298, -69.53021839276406, 175.42621516646645
```



bearing original
```

    let w1 = Point3::new(7.54, 0.0, 2.75);
    let w2 = Point3::new(7.54, 0.0, 0.0);
    let w3 = Point3::new(5.82, 0.0, 0.85);

b1 Unit { value: Matrix { data: [-0.09312305875524149, -0.1900600771099536, 0.9773460303377848] } }
b2 Unit { value: Matrix { data: [-0.07682780204515617, 0.15897558393979022, 0.9842887038587373] } }
b3 Unit { value: Matrix { data: [-0.19866026452488977, 0.07157593788614612, 0.9774512695856605] } }

```
